cout<<"bubble sort 50 elements different\n";
int a[]={6,13,19,17,32,2,28,46,11,47,23,26,1,34,48,18,43,3,40,38,16,27,22,5,33,14,45,24,42,7,20,12,36,30,44,21,8,4,50,41,37,29,10,39,35,49,15,25,31,9};

cout<<"selection sort 50 elements different\n";
int a[]={6,13,19,17,32,2,28,46,11,47,23,26,1,34,48,18,43,3,40,38,16,27,22,5,33,14,45,24,42,7,20,12,36,30,44,21,8,4,50,41,37,29,10,39,35,49,15,25,31,9};

cout<<"insertion sort 50 elements different\n";
int a[]={6,13,19,17,32,2,28,46,11,47,23,26,1,34,48,18,43,3,40,38,16,27,22,5,33,14,45,24,42,7,20,12,36,30,44,21,8,4,50,41,37,29,10,39,35,49,15,25,31,9};

cout<<"quick sort 50 elements different\n";
int a[]={6,13,19,17,32,2,28,46,11,47,23,26,1,34,48,18,43,3,40,38,16,27,22,5,33,14,45,24,42,7,20,12,36,30,44,21,8,4,50,41,37,29,10,39,35,49,15,25,31,9};

cout<<"merge sort 50 elements different\n";
int a[]={6,13,19,17,32,2,28,46,11,47,23,26,1,34,48,18,43,3,40,38,16,27,22,5,33,14,45,24,42,7,20,12,36,30,44,21,8,4,50,41,37,29,10,39,35,49,15,25,31,9};

cout<<"heap sort 50 elements different\n";
int a[]={6,13,19,17,32,2,28,46,11,47,23,26,1,34,48,18,43,3,40,38,16,27,22,5,33,14,45,24,42,7,20,12,36,30,44,21,8,4,50,41,37,29,10,39,35,49,15,25,31,9};

1.	6	
2.	13	
3.	19	
4.	17	
5.	32	
6.	2
7.	28	
8.	46	
9.	11	
10.	47	
11.	23	
12.	26	
13.	1
14.	34	
15.	48
16.	18
17.	43
18.	3
19.	40
20.	38
21.	16	
22.	27
23.	22
24.	5	
25.	33	
26.	14	
27.	45
28.	24	
29.	42	
30.	7	
31.	20	
32.	12	
33.	36
34.	30
35.	44
36.	21	
37.	8	
38.	4		
39.	50
40.	41	
41.	37
42.	29	
43.	10
44.	39
45.	35		
46.	49
47.	15	
48.	25	
49.	31	
50.	9	
