cout<<"bubble sort 50 elements reverse\n";
int a[]={50,49,48,47,46,45,44,43,42,41,40,39,38,37,36,35,34,33,32,31,30,29,28,27,26,25,24,23,22,21,20,19,18,17,16,15,14,13,12,11,10,9,8,7,6,5,4,3,2,1};

cout<<"insertion sort 50 elements reverse\n";
int a[]={50,49,48,47,46,45,44,43,42,41,40,39,38,37,36,35,34,33,32,31,30,29,28,27,26,25,24,23,22,21,20,19,18,17,16,15,14,13,12,11,10,9,8,7,6,5,4,3,2,1};

cout<<"selection sort 50 elements reverse\n";
int a[]={50,49,48,47,46,45,44,43,42,41,40,39,38,37,36,35,34,33,32,31,30,29,28,27,26,25,24,23,22,21,20,19,18,17,16,15,14,13,12,11,10,9,8,7,6,5,4,3,2,1};

cout<<"quick sort 50 elements reverse\n";
int a[]={50,49,48,47,46,45,44,43,42,41,40,39,38,37,36,35,34,33,32,31,30,29,28,27,26,25,24,23,22,21,20,19,18,17,16,15,14,13,12,11,10,9,8,7,6,5,4,3,2,1};

cout<<"merge sort 50 elements reverse\n";
int a[]={50,49,48,47,46,45,44,43,42,41,40,39,38,37,36,35,34,33,32,31,30,29,28,27,26,25,24,23,22,21,20,19,18,17,16,15,14,13,12,11,10,9,8,7,6,5,4,3,2,1};

cout<<"heap sort 50 elements reverse\n";
int a[]={50,49,48,47,46,45,44,43,42,41,40,39,38,37,36,35,34,33,32,31,30,29,28,27,26,25,24,23,22,21,20,19,18,17,16,15,14,13,12,11,10,9,8,7,6,5,4,3,2,1};


1.	50	
2.	49
3.	48
4.	47	
5.	46	
6.	45
7.	44	
8.	43
9.	42	
10.	41	
11.	40	
12.	39
13.	38
14.	37
15.	36
16.	35
17.	34
18.	33
19.	32
20.	31
21.	30	
22.	29
23.	28	
24.	27
25.	26
26.	25
27.	24
28.	23
29.	22
30.	21
31.	20
32.	19
33.	18
34.	17
35.	16
36.	15
37.	14
38.	13
39.	12
40.	11
41.	10
42.	9	
43.	8
44.	7	
45.	6	
46.	5
47.	4
48.	3	
49.	2
50.	1
